relief1.00-u0	624	40246087.50	3.938
relief1.00-u25	624	40246087.50	0.516
relief1.00-u50	624	40246087.50	0.453
relief1.00-u75	624	40246087.50	0.375
relief0.75-u0	678	20734110.00	0.391
relief0.75-u25	675	26965581.00	0.359
relief0.75-u50	675	8063265.00	0.359
relief0.75-u75	672	5175099.00	0.360
relief0.50-u0	780	34096092.00	0.375
relief0.50-u25	765	52975932.00	0.469
relief0.50-u50	756	45612232.50	0.375
relief0.50-u75	738	24462316.50	0.359
relief0.25-u0	846	21894433.50	0.344
relief0.25-u25	828	35026036.50	0.328
relief0.25-u50	813	34388280.00	0.344
relief0.25-u75	786	34348947.00	0.343
relief0.00-u0	891	35469937.50	0.344
relief0.00-u25	855	44817144.00	0.328
relief0.00-u50	834	36840973.50	0.328
relief0.00-u75	813	23641942.50	0.282
